Evaluation Results
loss: 1.843370795249939
accuracy: 0.5879086852073669
precision: 0.5994815230369568
recall: 0.5706354379653931
auc: 0.5499473810195923
