Evaluation Results
loss: 2.12209153175354
accuracy: 0.5163479447364807
precision: 0.5321831703186035
recall: 0.4947563111782074
auc: 0.536284327507019
